    0    3    0   -5  -10   -6  -11   -9   -2    2   -1  -11  -25  -22
   -8    2    9    4   -6   -9  -10    1    0    8    0   -2  -16  -15
   -7    0    5   10    9    4    3    0    2    4    4    1   -4   -6
    0    1    3    9   15   13    7    8    0    1   -2    0   -4   -1
    7    8   11    6    7    4    7    2    2   -1    6    0   -3   -6
    4   17    9    5    1   -1   -6   -5    4    6    4   -1   -3   -2
    5    6    7   -3   -5  -11   -3    1    7    4    6   -1    7    8
   -3    5    0   -3   -4   -3    1    5    8   12   13   13   17   10
    0    0    4    3    5    2    5    4   13   14   13    4    4    3
    2    3    1   -1    1    7   14    9   13   13    1  -11  -10   -7
   -3    2    2   -3    3    8   15    8   12   11    7   -2   -7  -11
   -4    2    7    5    5    1    2    5   13    9   10    8   -2   -3
   -4    2    4    5   -2    1    2    4   14   13    5    2    0    1
   -5    1    4   -3   -2    3    9    5   17   13   13    1   -1    0
